0 10721664
1 7661928
00 6676772
10 4044892
01 4044873
11 3617030
100 2215909
001 2215891
010 2174197
011 1870676
110 1870670
101 1828982
1000 1288945
0001 1288933
0100 1218894
0010 1217544
0011 998347
1100 997015
0110 970474
1010 956653
0101 955303
1001 926958
1011 872329
00011 563265
11000 551422
00110 525994
10100 523351
00101 522001
01100 519387
01010 496879
10001 495430
10010 491876
01001 481369
11100 477628
00111 472351
01110 466011
11010 459774
01011 458424
01101 451087
11001 445589
10110 444480
10011 435082
000011 345115
110000 328350
101000 309211
000101 306151
000110 300705
011000 287134
010001 272359
001010 271298
001001 267230
000111 262559
010010 258733
001011 250703
110100 249920
001110 242712
001101 242526
011010 239778
101100 235919
110010 233143
010110 232411
011001 232250
011110 227788
010111 226012
101010 225581
100110 225289
010101 223448
101110 223299
110001 223071
010011 222636
011101 220025
111010 219996
100011 218150
101001 214139
111001 213339
110011 212446
110110 212044
011011 211309
110101 209854
100111 209792
101101 208561
101011 207721